200
99.3556817478 102.316592324
101.866292917 98.475273676
-0.324559207976 -1.47844665332
1.26731585155 0.862722716606
100.936264986 99.1197175903
99.9873601628 100.210707267
0.730891034259 -4.38137375065
0.238495360031 0.642795337591
101.194577309 103.68481784
99.3419540337 99.3686778934
0.112013004062 -3.92978201683
0.276174210805 -2.95895590005
1.23836735888 -0.198519864672
97.9266748896 99.3322228695
99.9145831811 99.0968394464
100.616146051 100.238604772
-1.1549952773 3.2457869889
0.603352946858 2.38072547468
101.213727198 99.9333923825
-1.05417624 -3.1466210971
1.01978514953 2.25715463307
101.242263143 99.3413745655
99.4517587708 100.326876854
98.5857373762 99.833482006
-1.06864744642 0.0602894998158
0.911619124149 -0.30364386625
-2.00525650895 -1.51324162863
0.792980433737 -0.738068277699
99.0165294334 102.169272578
1.07610357173 0.261256295715
-1.49716468803 -1.6612073786
-2.60679873636 3.99499795876
0.126040085131 -2.49595237459
0.433383185018 -3.40789688076
100.107962707 98.9632517388
100.602005939 97.1499799604
0.509533526305 2.44044119682
99.2345868616 101.282845496
-1.12870352397 1.28893435526
100.730521848 102.682234783
0.63035235963 0.137058282581
1.20595846364 -2.23315812099
99.378535694 99.5326154606
99.7476214835 101.150144829
0.695256761901 0.391296901343
-0.15676650458 0.240890008555
101.163363627 99.6467116571
100.039208925 100.742776903
99.3683867478 101.121321142
-0.802145585766 -0.226966654534
-0.204792295853 0.945129451741
100.665848826 99.7263250436
100.233003651 100.095682297
100.158381876 98.7568311412
-1.05657992061 0.0436919089353
-1.68926894814 -3.69356558058
-0.0287665085279 0.813727984971
99.8123473442 97.5732933046
-0.0454848515512 -1.17546611364
-0.538108280645 1.07999796665
100.967886977 99.0334588561
-0.880818068956 2.2424657046
-0.649675960885 3.76045815766
0.910609283981 2.36409451642
1.30865948872 -1.97093378477
0.785657122964 0.142323584448
-0.264185729341 5.04106408779
98.3083592658 104.925395583
100.627130338 99.8009595941
98.7324691463 98.4439596936
99.790014778 102.376209228
100.154239066 102.472870231
-0.788336233047 2.23672414981
0.402335401611 -0.127459619147
96.7571585981 101.179363945
101.164523201 99.9193528638
0.351282273304 2.6670001024
100.276338843 100.115361167
0.450369283297 -0.0998618004672
100.107208569 102.731967659
0.303660418458 0.385461126031
98.6267495863 97.2641662068
0.6071753664 2.43982954345
100.457629171 99.2061949408
0.753790660215 1.82333351558
100.510156436 102.235112278
-0.0741749199707 1.83890387605
100.090660643 99.601438415
97.8261797044 102.510003629
99.2258240119 101.421553341
100.8742305 98.9249619911
99.4140522874 101.550078247
0.0139584132779 1.15676732858
0.231380209272 2.95520601064
100.148988233 102.064764906
-0.652573034509 -1.67621915983
99.5576213829 98.8580516643
-1.96320527704 -0.667446208459
0.758369059172 -3.03228961673
99.0103477847 99.3990794021
99.1202413486 95.6108475335
0.0465989684799 -0.951980340769
100.287158613 100.522030303
-0.85337267006 -2.07038330211
-0.0627537972816 -1.39210506152
0.64598902325 -0.531943845038
98.0191907557 98.6022271442
-0.314885345403 0.127273822319
98.2462797952 101.699055433
-1.03442569118 -0.500836467695
0.827792428742 1.17619540996
-0.260314963442 0.205058599389
-0.816035705947 -1.77443512411
0.40930319596 0.829324344202
99.7451404393 103.976524612
99.4896950099 100.449109428
0.44349462896 -1.63121990342
99.798776843 100.424557593
0.0855302256955 -1.26250507081
100.160011944 101.201805394
-2.21837404743 -1.63816080545
100.230226831 97.2956346523
0.264198664394 -0.0685128011131
100.003079263 100.74422483
1.20586610977 -1.51888119412
99.8596292743 103.01018453
-0.214380400148 0.285861737482
-0.00752132172205 1.1832142192
1.08681144695 -3.7556673123
-0.103294825002 2.61130175511
102.097427177 101.089233374
0.254735662865 -2.48199342707
1.13041167424 -1.22024433489
101.125751083 101.537551179
-0.334466027545 -3.00073285876
-1.40384033013 5.76032348955
-0.228402932307 -2.9005700011
99.0409334136 99.8976140783
99.7300458768 97.0139885557
100.782463598 99.2184407773
99.6807608537 101.425383694
99.0102869291 98.6141040661
99.0506122458 100.830015904
97.5013328462 100.208122609
100.231713594 100.409920953
1.51010824493 2.27441165442
103.023554245 97.3408194697
100.035002938 100.239654015
99.801384857 96.2487527487
100.221793699 99.8902135209
98.9872282654 99.3892138333
0.845494511852 1.86206179929
0.450045733758 0.0328600667026
100.103698798 100.22801514
-0.0292317168001 -1.10173616599
100.196214026 101.07660443
100.270456759 99.0232788479
98.8540560378 99.9913847867
101.645596123 101.755824723
101.146434711 98.755433172
1.22588560385 -0.256134464717
98.2342516432 99.072997045
100.104939055 99.1208630117
0.272213177614 0.0634859026468
0.126411976652 -3.15112661184
100.192404566 98.7928213255
100.269235297 99.9733650638
102.159165804 102.994714039
99.905094312 102.241319267
101.8340575 97.3015523596
0.219131359263 0.348278444598
100.709535969 103.055955324
99.8940229834 96.7691284373
98.4322578362 97.7045409648
2.17847033585 -2.67979200337
99.5539720352 102.198362724
99.4033250664 99.9468739086
-0.870287783553 -1.83751567518
-0.549523383844 1.72587767251
1.93752150406 1.63301343201
-1.16350103637 -1.77280957031
99.3422071949 99.2627433885
-1.0914657432 -1.59748440767
-1.52484010537 2.19442237963
-0.801239946335 2.2322295815
1.19654915441 0.320422228563
1.16192716589 -4.39978770136
0.5391549343 -1.4415196653
0.851320714319 -1.68209821678
-1.57652105001 -0.238711298053
100.472765179 101.532105293
0.69007668614 3.70126716982
-0.511516432565 2.33208657191
100.791725161 98.5365108269
99.7558667451 100.477443859
99.5364007643 102.580740645
99.2480938778 100.537715834
100.255621218 98.0746366011
-0.228382606377 -4.19621033433
98.232792042 99.471835049
